Accuracy: 0.9904
Precision: 0.9904
Recall: 0.9904
Confusion Matrix:
[[ 974    0    0    0    0    1    2    2    1    0]
 [   0 1134    1    0    0    0    0    0    0    0]
 [   1    1 1018    5    0    0    0    4    2    1]
 [   0    0    0 1002    0    6    0    1    1    0]
 [   0    0    0    0  970    0    3    0    0    9]
 [   1    0    0    1    0  888    1    1    0    0]
 [   5    2    0    0    3    3  942    0    3    0]
 [   0    5    5    0    0    1    0 1013    1    3]
 [   3    1    1    2    1    0    0    1  963    2]
 [   0    1    0    0    4    1    0    3    0 1000]]
Test Time (s): 4.3186
